Price,Adj Close,Close,High,Low,Open,Volume
Ticker,CBK.DE,CBK.DE,CBK.DE,CBK.DE,CBK.DE,CBK.DE
Date,,,,,,
2024-11-04,16.415000915527344,16.415000915527344,16.649999618530273,16.25,16.350000381469727,4029333
2024-11-05,16.594999313354492,16.594999313354492,16.614999771118164,16.415000915527344,16.434999465942383,3370481
2024-11-06,16.100000381469727,16.100000381469727,16.704999923706055,15.824999809265137,16.5,12813571
2024-11-07,16.03499984741211,16.03499984741211,16.389999389648438,15.994999885559082,16.0,4948952
2024-11-08,15.805000305175781,15.805000305175781,16.049999237060547,15.699999809265137,16.010000228881836,4376766
2024-11-11,16.100000381469727,16.100000381469727,16.170000076293945,15.9399995803833,15.949999809265137,3317212
2024-11-12,15.755000114440918,15.755000114440918,16.045000076293945,15.444999694824219,15.975000381469727,5890694
2024-11-13,15.6850004196167,15.6850004196167,15.890000343322754,15.555000305175781,15.675000190734863,3007141
2024-11-14,15.805000305175781,15.805000305175781,15.925000190734863,15.649999618530273,15.664999961853027,3403006
2024-11-15,15.899999618530273,15.899999618530273,15.949999809265137,15.720000267028809,15.75,3650107
2024-11-18,16.299999237060547,16.299999237060547,16.299999237060547,15.96500015258789,15.984999656677246,4958957
2024-11-19,16.045000076293945,16.045000076293945,16.3799991607666,15.744999885559082,16.260000228881836,5606072
2024-11-20,15.795000076293945,15.795000076293945,16.184999465942383,15.619999885559082,16.079999923706055,6732337
2024-11-21,15.585000038146973,15.585000038146973,15.90999984741211,15.46500015258789,15.789999961853027,3754370
2024-11-22,15.345000267028809,15.345000267028809,15.755000114440918,15.015000343322754,15.640000343322754,5959035
2024-11-25,14.574999809265137,14.574999809265137,14.619999885559082,14.244999885559082,14.579999923706055,19828883
2024-11-26,14.414999961853027,14.414999961853027,14.75,14.414999961853027,14.470000267028809,6160340
2024-11-27,14.25,14.25,14.3100004196167,13.899999618530273,14.28499984741211,6877417
2024-11-28,14.25,14.25,14.25,14.25,14.25,0
2024-11-29,14.524999618530273,14.524999618530273,14.5649995803833,14.345000267028809,14.380000114440918,3577097
2024-12-02,14.59000015258789,14.59000015258789,14.734999656677246,14.359999656677246,14.420000076293945,3987365
2024-12-03,14.59000015258789,14.59000015258789,14.729999542236328,14.520000457763672,14.5600004196167,3800690
2024-12-04,14.75,14.75,14.975000381469727,14.694999694824219,14.75,4377997
2024-12-05,15.145000457763672,15.145000457763672,15.244999885559082,14.760000228881836,14.760000228881836,4971215
2024-12-06,15.0,15.0,15.289999961853027,14.96500015258789,15.145000457763672,3978061
2024-12-09,14.864999771118164,14.864999771118164,15.28499984741211,14.864999771118164,15.109999656677246,4874930
2024-12-10,14.864999771118164,14.864999771118164,14.864999771118164,14.864999771118164,14.864999771118164,0
2024-12-11,15.114999771118164,15.114999771118164,15.270000457763672,15.03499984741211,15.154999732971191,3970559
2024-12-12,15.170000076293945,15.170000076293945,15.34000015258789,15.104999542236328,15.104999542236328,4209109
2024-12-13,15.104999542236328,15.104999542236328,15.289999961853027,15.100000381469727,15.199999809265137,3373735
2024-12-16,15.420000076293945,15.420000076293945,15.46500015258789,15.100000381469727,15.100000381469727,4747850
2024-12-17,15.380000114440918,15.380000114440918,15.53499984741211,15.260000228881836,15.4399995803833,5345239
2024-12-18,15.59000015258789,15.59000015258789,16.040000915527344,15.59000015258789,16.010000228881836,8022531
2024-12-19,15.569999694824219,15.569999694824219,15.595000267028809,15.380000114440918,15.470000267028809,4481358
2024-12-20,15.234999656677246,15.234999656677246,15.449999809265137,15.175000190734863,15.430000305175781,1519392
