Price,Adj Close,Close,High,Low,Open,Volume
Ticker,DBK.DE,DBK.DE,DBK.DE,DBK.DE,DBK.DE,DBK.DE
Date,,,,,,
2024-12-02,16.277999877929688,16.277999877929688,16.489999771118164,15.904000282287598,15.904000282287598,9036729
2024-12-03,16.729999542236328,16.729999542236328,16.827999114990234,16.332000732421875,16.34000015258789,9155133
2024-12-04,16.68600082397461,16.68600082397461,16.93600082397461,16.624000549316406,16.76799964904785,6864357
2024-12-05,16.965999603271484,16.965999603271484,17.01799964904785,16.63599967956543,16.649999618530273,6905301
2024-12-06,16.854000091552734,16.854000091552734,17.13800048828125,16.804000854492188,17.02199935913086,8839054
2024-12-09,16.847999572753906,16.847999572753906,17.091999053955078,16.829999923706055,16.983999252319336,4526820
2024-12-10,16.847999572753906,16.847999572753906,16.847999572753906,16.847999572753906,16.847999572753906,0
2024-12-11,17.006000518798828,17.006000518798828,17.139999389648438,16.884000778198242,17.079999923706055,4514166
2024-12-12,16.95199966430664,16.95199966430664,17.1299991607666,16.93400001525879,17.0,4302076
2024-12-13,17.06399917602539,17.06399917602539,17.145999908447266,16.959999084472656,16.959999084472656,4327578
2024-12-16,17.148000717163086,17.148000717163086,17.308000564575195,17.020000457763672,17.02199935913086,5391586
2024-12-17,16.790000915527344,16.790000915527344,17.1200008392334,16.77400016784668,17.049999237060547,5098946
2024-12-18,16.91200065612793,16.91200065612793,17.007999420166016,16.73200035095215,16.79199981689453,3462447
2024-12-19,16.58799934387207,16.58799934387207,16.79599952697754,16.492000579833984,16.624000549316406,4425185
2024-12-20,16.25,16.25,16.3700008392334,15.937999725341797,16.3700008392334,13287750
